,prn,sqrt_semi_major_axis,essentricity,inclination,OMEGA,omega,mean_anomaly
0,2,2.6559749402818564,0.017210317878970226,36.3017957288921,54.475313480238384,248.7119171624487,187.3184702929069
1,2,2.655975203139209,0.017210239938925946,36.3017957288921,54.471923084348795,248.71175748546372,247.49662669465403
2,2,2.655974068278852,0.017209878734975845,36.3017957288921,54.468554817106806,248.71621278385848,307.6591593008094
3,2,2.655975957012489,0.017208941060533795,36.3017957288921,54.44027421730018,248.72740998450493,68.90631082654069
4,2,2.6559757885280093,0.01720873485522513,36.3017957288921,54.43676573420926,248.72705815586644,129.21327919127287
5,25,2.6557926554437628,0.0066481988415047644,36.3017957288921,297.64869564969734,46.49481296074531,67.48900479359436
6,25,2.6556910994199705,0.006647889289624921,36.3017957288921,297.6452185080112,46.49974362740239,127.80404851864608
7,25,2.655628252500052,0.006648395571519272,36.3017957288921,297.6418592007544,46.50453297228055,188.1210306811122
8,25,2.655623616759006,0.006650069702180545,36.3017957288921,297.6384803602566,46.514929774570035,248.2781581085032
9,25,2.6556253809809505,0.0066501890652737004,36.3017957288921,297.6351305777758,46.51038933513237,308.45190878728556
10,25,2.655626802665131,0.006650474645518796,36.3017957288921,297.63165550257315,46.51047839993511,8.62110902699412
11,25,2.6556270258320986,0.006650924759048769,36.3017957288921,297.62819414649437,46.51137494999559,68.65521548077376
12,20,2.656088892328982,0.004642211860332208,36.3017957288921,111.61423530903105,97.81127087506744,229.8606505017772
13,20,2.656080630671033,0.004642326594244096,36.3017957288921,111.61026259208532,97.79723694137559,290.05051318397113
14,20,2.656075298424126,0.0046412399925478045,36.3017957288921,111.60662084601279,97.8040499713803,350.21295044565585
15,20,2.6560736217841314,0.004640529189769925,36.3017957288921,111.60305122764584,97.80420064447242,50.380897608283796
16,20,2.656071177965052,0.0046405639913462,36.3017957288921,111.5994504698754,97.8041138019322,110.54970226374212
17,28,2.6559883762547725,0.019986811692331432,36.3017957288921,302.2651620164862,270.8369517488741,340.9551970619636
18,28,2.6555118264443824,0.01999505050269535,36.3017957288921,302.23827087637653,270.86272941014954,102.3457329142572
19,28,2.6555077616343032,0.01999562331684353,36.3017957288921,302.2350920949109,270.859224671128,162.5216022560884
20,28,2.655505369929975,0.019995796624826014,36.3017957288921,302.23185287438247,270.86095633707816,222.6867534950922
21,28,2.6555060233879217,0.01999690150995749,36.3017957288921,302.2286395661734,270.8648407732706,282.8593424929457
22,30,2.6559062922685865,0.003033962131493353,36.3017957288921,240.65599960709173,184.98729798445336,127.23727769048928
23,30,2.6548256226288225,0.0030351742368695768,36.3017957288921,240.66421071705514,184.95958029175017,250.58356695467478
24,30,2.6548218598576914,0.003035156178619879,36.3017957288921,240.66060437348455,184.97039554471615,310.7461540795537
25,30,2.654829599663709,0.003035668731922196,36.3017957288921,240.65710170690895,184.96303333547374,10.926916466791637
26,30,2.6548299976881187,0.0030356647904926683,36.3017957288921,240.65333557342188,184.96775194233413,71.14867657469718
27,6,2.6561331139898514,0.0005985810058433508,36.3017957288921,57.25168152649506,289.36662283098707,177.60258319554407
28,6,2.6561361215108286,0.0005991470581903156,36.3017957288921,57.24838459916339,289.40932380695295,237.7270197822284
29,6,2.656134455541898,0.000599230705297408,36.3017957288921,57.21770974136635,289.6179649439895,59.026958311171065
30,6,2.6561344336882606,0.0005992486217146184,36.3017957288921,57.214351313032715,289.64575253485935,119.1670100524229
31,17,2.655999713328304,0.012069551708285137,36.3017957288921,0.22685313089956938,254.81734570834027,288.6457540958902
32,17,2.6558165545906127,0.01206880023749986,36.3017957288921,0.22360185912036523,254.82859934720818,348.8047632723854
33,17,2.6558489857058114,0.012077451244612262,36.3017957288921,0.1984248063599376,254.8372346833097,110.74596739161265
34,17,2.6558312831893023,0.012076657277661357,36.3017957288921,0.19543923148355613,254.8397713424196,170.85666349635832
35,17,2.655818334739887,0.012080521379491551,36.3017957288921,0.19244525560042175,254.84699255683455,230.4756135753722
36,24,2.656044710649411,0.006181850866391922,36.3017957288921,235.33748327501382,27.11473576292552,180.3284679460103
37,24,2.6560601542962234,0.006181990786008053,36.3017957288921,235.33765578708574,27.110244073532183,240.4604680538278
38,24,2.656063757749174,0.006181788264027988,36.3017957288921,235.33408843659436,27.107044554510896,300.63624999567554
39,24,2.6560677344791284,0.006181365449015317,36.3017957288921,235.33027683705419,27.11168757846344,0.8031416318459241
40,24,2.6561008495064637,0.006183500873950417,36.3017957288921,235.32597863742518,27.119624701888124,60.466940183716964
41,24,2.656066124569839,0.006185326219303578,36.3017957288921,235.30177570519567,27.11267649293048,122.17100225816648
42,19,2.6560748288406835,0.00986915717464525,36.3017957288921,2.9434472904629647,62.361495567707756,99.46614603670133
43,19,2.65607615067092,0.009870209968280084,36.3017957288921,2.9403503346350264,62.35282786912972,159.6435615796447
44,19,2.6560808785314665,0.009866292548099334,36.3017957288921,2.915310474602777,62.35553363482711,281.00234510931705
45,19,2.656081385178674,0.009866854427831185,36.3017957288921,2.9121532956160903,62.35312735238801,341.1745057499359
46,19,2.656075117602581,0.009864243030173891,36.3017957288921,2.9090579041409788,62.3490574232399,41.34558657288214
47,13,2.655985131349935,0.0035850333238386404,36.3017957288921,184.15871265373184,97.18650858878455,201.31512540121994
48,13,2.6558917102086204,0.0035843612996708774,36.3017957288921,184.15832813933937,97.1715088120511,261.4950536864385
49,13,2.655838357075318,0.003584929224939649,36.3017957288921,184.15665504189082,97.18500272404825,321.6419771840825
50,13,2.6558369446504893,0.0035881392135637814,36.3017957288921,184.15360897801065,97.1718735814426,21.825193756778223
51,13,2.6558395433692494,0.003590864249321784,36.3017957288921,184.13451943856367,97.13613095173106,22.752032960555674
52,13,2.6558394019060114,0.003589513924023817,36.3017957288921,184.13119745096196,97.11128809724948,82.94841533124325
53,13,2.655834925795842,0.0035894855613428475,36.3017957288921,184.12811552148685,97.12479251460682,143.23788079876192
54,5,2.6559383417339077,0.005264553746783411,36.3017957288921,116.40544338741468,35.51746189381145,331.40916877106645
55,5,2.655935602044932,0.005264622829148873,36.3017957288921,116.4019121133024,35.513166369147896,31.58674920019028
56,5,2.65593677956954,0.005264126597201966,36.3017957288921,116.39852332920923,35.50597824291173,91.7691161181018
57,5,2.655932334675257,0.005264425200279867,36.3017957288921,116.36694719441134,35.498214300189474,273.3481158238087
58,12,2.6559890065100697,0.006562526713655878,36.3017957288921,300.9289424362678,52.11301689957801,92.01255302212866
59,12,2.6558881933812697,0.006561841259734511,36.3017957288921,300.92438524356373,52.12694647346999,152.16867169567772
60,12,2.655880126944567,0.006563691804924785,36.3017957288921,300.9210401376755,52.13010202920625,212.3383333170293
61,12,2.6558804786332613,0.006563813320049465,36.3017957288921,300.91773415073015,52.13405106681438,272.49950240610127
62,12,2.655882014063024,0.006565211790845769,36.3017957288921,300.8909454123832,52.14710542254305,33.849865522923196
63,29,2.6564521521969278,0.0004933176148042835,36.3017957288921,0.813694364346584,62.21127227765066,141.72637214250048
64,29,2.656458604000624,0.0004934671636457027,36.3017957288921,0.8105696568586195,62.46404867092401,201.5965272370325
65,29,2.6564520632753683,0.0004951416423722012,36.3017957288921,0.8074423238745969,62.3478543307391,21.267569197054804
66,29,2.656457593320724,0.0004931425801921867,36.3017957288921,0.8042665925244312,62.17321480621098,321.8135601637309
67,21,2.6555672216935133,0.024038217718236023,36.3017957288921,54.946056109951996,266.74371189466535,126.68712845936935
68,21,2.655246893285156,0.024036065298902436,36.3017957288921,54.94103882709909,266.74514516826304,186.82489798357935
69,21,2.6552486190928914,0.024035830683120814,36.3017957288921,54.937676008283496,266.74558681160545,246.99915359208427
70,21,2.6552446351654635,0.02403550538535804,36.3017957288921,54.93415289552035,266.7505556343466,307.1685486515026
71,21,2.655242324227505,0.024034962678633188,36.3017957288921,54.9303799428646,266.75160622127544,7.34212168580953
72,15,2.655988621134819,0.00985661666049266,36.3017957288921,173.01992854864716,35.9571923678015,303.51423593156454
73,15,2.6559874822120357,0.009855828633465923,36.3017957288921,173.0166627633743,35.956588515574545,3.687573771840326
74,15,2.655992654396361,0.009857867517694128,36.3017957288921,173.01299879954266,35.96898273589844,63.84655043941589
75,18,2.6574113067985943,0.018164730626512873,36.3017957288921,114.53813819330558,258.22982865057355,134.80148836363688
76,18,2.6574125256644203,0.018165711047638314,36.3017957288921,114.53472155270416,258.2294724808103,194.9739356908081
77,18,2.6574072008381378,0.018166852150265318,36.3017957288921,114.53135105892285,258.23286921441496,255.14354276677255
78,18,2.6574048567229416,0.018166931394026448,36.3017957288921,114.52768304505658,258.23606139351756,315.3131489877451
79,18,2.6574019123378205,0.0181673955078646,36.3017957288921,114.52389463726408,258.23522565262766,15.487044288549502
80,14,2.656515909040853,0.00928018412649848,36.3017957288921,181.82680425705198,248.24472907509187,91.80011124165532
81,14,2.6565718891646948,0.009281109419915848,36.3017957288921,181.8236350826412,248.23167722812525,151.96394343769697
82,14,2.656578589972896,0.009278432974654315,36.3017957288921,181.82051973536778,248.23047911759795,212.13469850348616
83,14,2.6565754119645586,0.009278918813903176,36.3017957288921,181.81742305752954,248.23679617522725,272.29727567463647
84,14,2.6565790689220385,0.009279853559526038,36.3017957288921,181.8141458302487,248.2263791555318,332.4774493209377
85,26,2.656050537554027,0.0021622361892588136,36.3017957288921,296.5991799575614,355.00170618680977,219.08688694703793
86,26,2.655976277723423,0.002162632332488989,36.3017957288921,296.59758042736826,355.0519693903287,279.1744768292545
87,26,2.655975843347904,0.0021631700448852017,36.3017957288921,296.5940969638148,355.03738615614066,339.36826366996377
88,26,2.655977880359439,0.002163836930907436,36.3017957288921,296.59057097440405,355.0397599182755,39.52065825843338
89,26,2.6559788552071777,0.0021640891701907965,36.3017957288921,296.5870502333526,355.06061097922907,99.69125922740695
90,32,2.656647538717596,0.001479070908632336,36.3017957288921,177.03116654155733,210.3851818936266,148.18065894954995
91,32,2.656738722004278,0.0014806567033051011,36.3017957288921,177.03072620002297,210.36207180746638,208.34481814257597
92,32,2.6567497356747527,0.0014790826963403062,36.3017957288921,177.02772154016353,210.27398778816703,268.6058196939447
93,32,2.656738494990471,0.0014787114191520381,36.3017957288921,177.02438108982938,210.31313917481978,328.73935309644156
94,32,2.6567450928393765,0.0014801341412369082,36.3017957288921,177.02120211577844,210.2983371992958,28.92712442023643
95,10,2.6564468169145035,0.0029108560624815038,36.3017957288921,117.28257002358333,194.62660971901417,171.03470222577732
96,10,2.656484348961934,0.002910891892240346,36.3017957288921,117.2791906306606,194.63245483989786,231.45248224624913
97,10,2.656479936688566,0.002911321493144135,36.3017957288921,117.27588803417609,194.65672673754693,291.59856287331297
98,10,2.65647784087096,0.0029112840266198275,36.3017957288921,117.27246996712633,194.65650783374838,351.7688361233255
99,10,2.656456396167774,0.002911986464631892,36.3017957288921,117.26881147882013,194.6653374157272,52.106844871720554
100,8,2.6558480715307446,0.0028065868652028788,36.3017957288921,356.79353580140514,323.68156923343713,199.731156902689
101,8,2.6556311116480527,0.0028056896686551075,36.3017957288921,356.7904736105377,323.7125144460846,259.6043467477354
102,8,2.65570013907198,0.002808173237760541,36.3017957288921,356.784091903187,323.6873093016719,20.105790176174967
103,8,2.655681634456348,0.002808397964470709,36.3017957288921,356.78090533913684,323.702218858643,80.24902243678594
104,8,2.655657929642508,0.0028094375594338136,36.3017957288921,356.7777633440195,323.67518612908793,140.45402465355647
105,31,2.6499030324646635,0.008694565495938989,36.3017957288921,239.21110552702902,346.8085384903928,353.7983375613174
106,31,2.649899562921233,0.008694630243872481,36.3017957288921,239.2075893011969,346.8126315180699,53.9714162924233
107,31,2.6499035616561564,0.008695255507076916,36.3017957288921,239.20413961523826,346.8196064683329,114.13835533931595
108,31,2.649903121355019,0.008695438423752084,36.3017957288921,239.2006495236109,346.8159484802408,174.32135686196176
109,27,2.6110926524481566,0.004981682413186736,36.3017957288921,357.213189455719,21.588194783307827,5.727602334483777
110,27,2.6560500004093974,0.005020066760011958,36.3017957288921,357.18562990411124,21.46666290179854,172.39606690720524
111,27,2.655994227156091,0.0050218244853992965,36.3017957288921,357.1825379229675,21.46056694929055,232.55906567685022
112,27,2.656002083102345,0.005021418169074924,36.3017957288921,357.179413318509,21.432979245987248,292.757269762438
113,27,2.6560017476146958,0.005021532433731714,36.3017957288921,357.1762614518228,21.433751312891783,352.92682068836905
114,27,2.6560010994869407,0.005022310604329005,36.3017957288921,357.1731142210324,21.432966816500137,53.09606067568166
115,27,2.655997862116735,0.005021801646018688,36.3017957288921,357.16996592210177,21.414074377357814,113.28842312590704
116,11,2.655744675989537,0.0169666378920242,36.3017957288921,34.02896048322439,98.2824840458612,67.83752314419043
117,11,2.6554794064363687,0.01696594297223257,36.3017957288921,34.02496351913534,98.28273886208711,128.01251599135392
118,11,2.6554864608991484,0.0169633331376903,36.3017957288921,34.021454869330185,98.28747547585026,188.17566174278002
119,11,2.655485853091636,0.016964162282935156,36.3017957288921,34.01797102521625,98.2883689786481,248.21138308875445
120,11,2.655482835818442,0.016963727521528478,36.3017957288921,34.01435825790604,98.28709108472484,308.51368174856395
121,11,2.655477534327829,0.01696218934893686,36.3017957288921,34.01069763451947,98.29102755640862,8.679952218347928
122,22,2.6560130432378153,0.007165113586809196,36.3017957288921,114.49713702873346,264.81388148782446,252.05356665133755
123,22,2.6560166534936087,0.00716513262672757,36.3017957288921,114.49337952585658,264.8228188481102,312.21648746182865
124,22,2.6560121602171867,0.007165048099987785,36.3017957288921,114.48966316650868,264.8216119833236,12.388743394416453
125,16,2.656145065403403,0.00936772712991652,36.3017957288921,302.0812981072536,26.23888022654661,337.33005242171834
126,16,2.656145971431566,0.009368069320329549,36.3017957288921,302.07793083909786,26.239599252626302,37.36243831581552
127,16,2.6561449526579746,0.009368007361496013,36.3017957288921,302.0745653005967,26.237170974449853,97.66528092652538
128,1,2.6561346440530613,0.007108806579255976,36.3017957288921,57.71439076037171,36.214695592606795,102.10913276155318
129,1,2.656108752578442,0.007109651131502766,36.3017957288921,57.71122428933628,36.20489630329533,161.7190556847808
130,1,2.656110441227244,0.007109972115604217,36.3017957288921,57.707884093549794,36.2055244481098,221.88910359903332
131,1,2.656107848274133,0.007110166638271251,36.3017957288921,57.704447298999575,36.206893011603775,282.05980653794495
132,1,2.6561085083325846,0.007110553250070839,36.3017957288921,57.701101415805944,36.202977367143056,342.23432558109505
133,1,2.6561120726922334,0.007111392781218744,36.3017957288921,57.697719879364826,36.205740951913334,42.401718334762556
134,23,2.6560279161955047,0.01185701039432156,36.3017957288921,176.75514106585933,221.53737889984504,271.5998630092153
135,23,2.6560281337660268,0.01185743760171634,36.3017957288921,176.75190521126285,221.53832589088697,331.76787740709216
136,23,2.6560269993509675,0.011856845309092402,36.3017957288921,176.74859191798143,221.53542492952556,31.943786104646847
137,23,2.655929084337056,0.011856071446887221,36.3017957288921,176.74123890437616,221.5390666147303,91.99650647981241
138,3,2.6569366376817154,0.0010912967751990083,36.3017957288921,117.48857452448495,32.30493884841933,103.94014485109022
139,3,2.657078716140468,0.0010917922141749122,36.3017957288921,117.48583477694096,32.23078604387061,164.31395251127486
140,3,2.657225682078964,0.0010909524337391326,36.3017957288921,117.48267756764088,32.18137111095185,224.79506616538015
141,3,2.6572241735819326,0.0010912092280630935,36.3017957288921,117.4793444937939,32.22864465655471,284.9229739571716
142,3,2.657229654744713,0.0010919170038406392,36.3017957288921,117.47574361346052,32.19756220571742,345.1264554605775
143,3,2.6572344071037404,0.0010921257714482844,36.3017957288921,117.47242699706136,32.190572776647926,45.30587007589267
144,7,2.656079540210273,0.0110826367701354,36.3017957288921,238.38509354485683,213.9525503094843,246.7061718924394
145,7,2.656080811788557,0.011082876745479895,36.3017957288921,238.3816854143364,213.9495667715805,306.87925234571304
146,7,2.6560804160233604,0.0110823917779354,36.3017957288921,238.37818326154215,213.94999420605606,7.047735050955394
147,7,2.656084040255622,0.011083799864304508,36.3017957288921,238.37452962493086,213.95702390705134,67.21052855857796
148,9,2.6561210189221227,0.0009758976251175148,36.3017957288921,176.67980400411417,101.69376035384941,285.796473195604
149,9,2.65612077198683,0.0009753610456572588,36.3017957288921,176.67655718185983,101.64097050077942,315.4670412000388
150,9,2.6561645197282915,0.0009751325455243346,36.3017957288921,176.6750908637086,101.72359967133521,13.701106189700203
151,9,2.656122788726885,0.0009784185828539294,36.3017957288921,176.66998169332933,101.63518661155818,313.3571237383628
