,prn,epoch_time,sv_clock_bias,sv_clock_drift,sv_clock_drift_rate,iode,correction_radius_sine,mean_motion,mean_anomaly,correction_latitude_cosine,essentricity,correction_latitude_sine,sqrt_semi_major_axis,time_of_ephemeris,correction_inclination_cosine,OMEGA,correction_inclination_sine,inclination,correction_radius_cosine,omega,OMEGA_dot,inclination_rate,codes,gps_week,l2_p_data_flag,sv_accuracy,sv_health,tgd,iodc,t_tx,fit_interval
0,2,2017-11-06 02:00:00,0.000288142822683,-9.54969436862e-12,0.0,2.0,14.125,4.47340062081e-09,-2.94117432356,7.39470124245e-07,0.017212683102099998,1.1520460248e-05,5153.61761856,93600.0,1.04308128357e-07,0.828943966649,-9.49949026108e-08,0.947963444242,145.5625,-1.9420560324400002,-7.64210403859e-09,7.1324399519e-10,1.0,1974.0,0.0,0.0,0.0,-2.04890966415e-08,2.0,86406.0,0.0
1,6,2017-11-06 02:00:00,0.00040845246985600004,1.8189894035499996e-12,0.0,4.0,18.65625,4.22517599554e-09,-3.1150013862299994,1.0412186384200002e-06,0.0005989130586390001,1.08238309622e-05,5153.77694511,93600.0,-6.89178705215e-08,0.8774385628270001,-9.49949026108e-08,0.968677490883,177.46875,-1.23111819612,-7.7413938887e-09,6.01453624386e-10,1.0,1974.0,0.0,0.0,0.0,4.656612873080001e-09,4.0,86406.0,0.0
2,19,2017-11-06 02:00:00,-0.000477219000459,2.1600499167099998e-12,0.0,48.0,-128.625,3.83551690753e-09,1.8072806009,-6.975606083869999e-06,0.00986130640376,1.09691172838e-05,5153.69002533,93600.0,-1.00582838058e-07,-0.07035999591910001,-1.80676579475e-07,0.9790488017919999,183.4375,1.088459614,-7.69996359153e-09,-2.5393914901299997e-10,1.0,1974.0,0.0,0.0,0.0,-1.53668224812e-08,48.0,86406.0,0.0
3,17,2017-11-06 02:00:00,-0.000146451871842,2.38742359215e-12,0.0,4.0,-119.78125,3.91516308226e-09,-1.17533519578,-6.20074570179e-06,0.0120904360665,1.01253390312e-05,5153.71304321,93600.0,-3.53902578354e-08,-0.117772471593,3.18512320518e-07,0.9816734275069999,196.8125,-1.83488395156,-7.85604152138e-09,-2.81440294547e-10,1.0,1974.0,0.0,0.0,0.0,-1.11758708954e-08,4.0,86406.0,0.0
4,5,2017-11-06 02:00:00,-2.36504711211e-05,1.25055521494e-12,0.0,70.0,-8.71875,5.35700885521e-09,-0.425592370465,-2.88709998131e-07,0.00526972545777,4.50387597084e-06,5153.57234955,93600.0,3.91155481339e-08,1.9097674218400003,4.47034835815e-08,0.946818078865,283.03125,0.619168966187,-8.56321383509e-09,-2.14294640518e-11,1.0,1974.0,0.0,0.0,0.0,-1.07102096081e-08,70.0,86406.0,0.0
5,24,2017-11-06 02:00:00,-4.18880954385e-05,-5.68434188608e-13,0.0,18.0,168.65625,4.71305346045e-09,-3.06499761304,8.61287117004e-06,0.00619725347497,8.79168510437e-06,5153.68019485,93600.0,-3.1664967536900005e-08,-2.2976747973,-6.51925802231e-08,0.943800327563,203.09375,0.473907228138,-8.15748264904e-09,3.2572785358700003e-10,1.0,1974.0,0.0,0.0,0.0,2.79396772385e-09,18.0,86406.0,0.0
6,13,2017-11-06 02:00:00,-9.36132855713e-05,-3.41060513165e-13,0.0,3.0,31.125,4.14874424042e-09,-2.70194291751,1.47335231304e-06,0.00359366415069,1.21258199215e-05,5153.66148376,93600.0,7.07805156708e-08,3.09241182741,3.35276126862e-08,0.9695169791079999,148.84375,1.69377523313,-7.632460779770001e-09,-4.3787538212400004e-10,1.0,1974.0,0.0,0.0,0.0,-1.1641532182700001e-08,3.0,86406.0,0.0
7,28,2017-11-06 02:00:00,0.000660129822791,3.0695446184799998e-12,0.0,73.0,-29.90625,4.40625496678e-09,-0.257630291199,-1.5273690223700001e-06,0.019994289847099996,1.5944242477399999e-06,5153.6609745,93600.0,-1.99303030968e-07,-1.1295141496899999,2.9802322387700004e-08,0.9872764827480001,364.5625,-1.5557671505500001,-8.717505976260001e-09,-1.36791412197e-10,1.0,1974.0,0.0,2.0,0.0,-1.11758708954e-08,73.0,86406.0,0.0
8,12,2017-11-06 02:00:00,0.000366058200598,-1.5916157280999999e-12,0.0,68.0,-33.65625,4.3673247737499994e-09,1.67608326803,-1.87009572983e-06,0.00656283285934,6.090849637989999e-07,5153.69247818,93600.0,-2.421438694e-07,-1.15282316431,-3.91155481339e-08,0.9879817072779999,382.28125,0.91072593978,-8.410350324850001e-09,-1.5929234945100002e-10,1.0,1974.0,0.0,0.0,0.0,-1.25728547573e-08,68.0,86406.0,0.0
9,20,2017-11-06 02:00:00,0.000491914339364,1.13686837722e-12,0.0,2.0,3.0625,5.77202614234e-09,-2.19745765572,3.40864062309e-07,0.00463806837797,4.03821468353e-06,5153.7405777,93600.0,3.7252902984599996e-08,1.8260863923299997,4.47034835815e-08,0.927060179389,277.875,1.7063524489500002,-8.66143221199e-09,1.1607626361400001e-10,1.0,1974.0,0.0,0.0,0.0,-8.38190317154e-09,2.0,88596.0,0.0
10,25,2017-11-06 02:00:00,-0.000484813936055,-6.25277607469e-12,0.0,75.0,-14.78125,4.74055460598e-09,1.24327710222,-7.82310962677e-07,0.00664780242369,1.210719347e-07,5153.72930717,93600.0,-1.0617077350599999e-07,-1.21012093147,1.08033418655e-07,0.975751783818,384.8125,0.812033305132,-8.67678999456e-09,-1.4214877821e-10,1.0,1974.0,0.0,0.0,0.0,5.58793544769e-09,75.0,91056.0,0.0
11,2,2017-11-06 04:00:00,0.00028807390481200003,-9.54969436862e-12,0.0,3.0,18.25,4.6580511693899995e-09,-1.8910185467099998,9.01520252228e-07,0.0172146674013,1.08368694782e-05,5153.61359024,100800.0,3.81842255592e-07,0.828889648501,-5.21540641785e-08,0.947967944179,162.96875,-1.94199502729,-7.76568061463e-09,5.58951854017e-10,1.0,1974.0,0.0,0.0,0.0,-2.04890966415e-08,3.0,93606.0,0.0
12,6,2017-11-06 04:00:00,0.00040846597403300004,1.8189894035499996e-12,0.0,5.0,6.71875,4.2519628255999995e-09,-2.06310341,2.99885869026e-07,0.000597484759055,1.05872750282e-05,5153.7802906,100800.0,3.53902578354e-08,0.8773829324410001,-1.11758708954e-08,0.96868119938,182.46875,-1.23290141865,-7.826754587170001e-09,5.282362888759999e-10,1.0,1974.0,0.0,0.0,0.0,4.656612873080001e-09,5.0,93606.0,0.0
13,17,2017-11-06 04:00:00,-0.000146434176713,2.38742359215e-12,0.0,5.0,-120.71875,3.96873674239e-09,-0.125115989732,-6.30505383015e-06,0.012090225121899998,9.63546335697e-06,5153.71367073,100800.0,-1.32247805595e-07,-0.117830261246,1.04308128357e-07,0.9816710605060001,208.46875,-1.8349513496599998,-8.01069082028e-09,-2.32509684962e-10,1.0,1974.0,0.0,0.0,0.0,-1.11758708954e-08,5.0,93606.0,0.0
14,5,2017-11-06 04:00:00,-2.36416235566e-05,1.25055521494e-12,0.0,100.0,-0.09375,5.2959348826600004e-09,0.624623116849,1.49011611938e-07,0.00527093978599,4.53926622868e-06,5153.57468796,100800.0,-2.421438694e-08,1.9097060890000002,7.264316082e-08,0.9468179428129999,283.4375,0.619201349342,-8.52642658846e-09,-5.92881838765e-11,1.0,1974.0,0.0,0.0,0.0,-1.07102096081e-08,100.0,93606.0,0.0
15,19,2017-11-06 04:00:00,-0.000477203633636,2.1600499167099998e-12,0.0,49.0,-127.75,3.8758757315e-09,2.8573114284599996,-6.67385756969e-06,0.009860558435319999,9.909272193910001e-06,5153.69278908,100800.0,2.6077032089200004e-08,-0.0704149884726,-1.63912773132e-07,0.979047316931,195.375,1.08859354269,-7.62067457454e-09,-2.52867675811e-10,1.0,1974.0,0.0,0.0,0.0,-1.53668224812e-08,49.0,93606.0,0.0
16,24,2017-11-06 04:00:00,-4.18918207288e-05,-5.68434188608e-13,0.0,55.0,141.71875,4.83091551274e-09,-2.01519531231,7.15628266335e-06,0.00620087061543,7.97398388386e-06,5153.67212296,100800.0,5.58793544769e-09,-2.29773376021,-8.00937414169e-08,0.94380271212,218.65625,0.47428634043300005,-8.17784063989e-09,3.46800159904e-10,1.0,1974.0,0.0,0.0,0.0,2.79396772385e-09,55.0,93606.0,0.0
17,25,2017-11-06 04:00:00,-0.0004848591052,-6.25277607469e-12,0.0,148.0,-14.375,4.61340645261e-09,2.29345421427,-8.08387994766e-07,0.00664799753577,2.51457095146e-07,5153.72887039,100800.0,-1.04308128357e-07,-1.21018345366,-1.99303030968e-07,0.9757522738959999,382.15625,0.81200474312,-8.41749347953e-09,-1.6429255773e-11,1.0,1974.0,0.0,0.0,0.0,5.58793544769e-09,148.0,93606.0,0.0
18,13,2017-11-06 04:00:00,-9.36160795391e-05,-3.41060513165e-13,0.0,4.0,18.125,4.08231290186e-09,-1.6512333749700001,9.89064574242e-07,0.0035924141993699996,1.17402523756e-05,5153.66573715,100800.0,-1.86264514923e-09,3.09235685241,1.24797224998e-07,0.969513359849,158.65625,1.6932497427200002,-7.726393263860001e-09,-4.6216210805e-10,1.0,1974.0,0.0,0.0,0.0,-1.1641532182700001e-08,4.0,93606.0,0.0
19,12,2017-11-06 04:00:00,0.00036604655906599995,-1.5916157280999999e-12,0.0,88.0,-32.1875,4.28696428356e-09,2.72629325916,-1.7918646335599998e-06,0.00656292424537,5.64381480217e-07,5153.69196892,100800.0,-1.4901161193799999e-08,-1.15288294206,-1.39698386192e-07,0.987981708741,380.3125,0.910684270021,-8.18605526777e-09,-1.34648465792e-10,1.0,1974.0,0.0,0.0,0.0,-1.25728547573e-08,88.0,93606.0,0.0
20,20,2017-11-06 04:00:00,0.0004919227212669999,1.13686837722e-12,0.0,3.0,4.3125,5.756311202040001e-09,-1.1473614474299998,4.0791928768200004e-07,0.0046381871216,4.46476042271e-06,5153.74009132,100800.0,-5.7741999626199995e-08,1.8260236682599997,4.47034835815e-08,0.9270605831540001,276.0,1.7064054899799999,-8.75786480022e-09,1.16790579082e-10,1.0,1974.0,0.0,0.0,0.0,-8.38190317154e-09,3.0,94416.0,0.0
21,15,2017-11-06 04:00:00,-0.000357039272785,-1.1368683772199998e-13,0.0,69.0,-9.0,5.15985778593e-09,-0.954944929655,-3.9674341678600004e-07,0.00986847584136,1.03283673525e-05,5153.64149475,100800.0,2.27242708206e-07,2.89816649965,1.17346644402e-07,0.92908500284,159.34375,0.628881083284,-8.29320258803e-09,-5.432369137120001e-10,1.0,1974.0,0.0,0.0,0.0,-1.07102096081e-08,69.0,94566.0,0.0
22,29,2017-11-06 03:59:44,0.000541897024959,-4.88853402203e-12,0.0,55.0,-132.84375,3.80087260731e-09,1.09580476768,-6.9886445999100005e-06,0.000454538036138,1.03786587715e-05,5153.78670692,100784.0,-1.4901161193799999e-08,-0.107511995746,4.0978193283099994e-08,0.98286037048,189.90625,1.00580218242,-7.71603568957e-09,-2.70011247052e-10,1.0,1974.0,0.0,0.0,0.0,-1.0244548320799999e-08,55.0,94896.0,0.0
23,21,2017-11-06 04:00:00,-0.000464702956378,3.41060513165e-12,0.0,3.0,2.0,4.68269505304e-09,2.2885516437,-2.23517417908e-08,0.0240316706477,1.13882124424e-05,5153.57467461,100800.0,3.01748514175e-07,0.8371348244939999,-9.685754776e-08,0.9414093722910001,141.75,-1.62739563689,-7.63353225297e-09,5.6859511284e-10,1.0,1974.0,0.0,0.0,0.0,-9.77888703346e-09,3.0,96096.0,0.0
24,2,2017-11-06 06:00:00,0.00028800452128099994,-9.54969436862e-12,0.0,48.0,7.875,4.83627287875e-09,-0.8406892531450001,5.34579157829e-07,0.0172146150144,1.06375664473e-05,5153.61712265,108000.0,-6.70552253723e-08,0.828832476199,3.1478703022e-07,0.947969124753,173.375,-1.94210711461,-8.327132572779999e-09,4.61447792581e-10,1.0,1974.0,0.0,0.0,0.0,-2.04890966415e-08,48.0,100806.0,0.0
25,29,2017-11-06 06:00:00,0.0005418621003630001,-4.88853402203e-12,0.0,57.0,-127.1875,3.81837333629e-09,2.14845981865,-6.7800283432e-06,0.000453857355751,9.89995896816e-06,5153.78658867,108000.0,-4.47034835815e-08,-0.10756767294500001,1.67638063431e-08,0.982858540369,198.4375,1.00558836524,-7.70246369567e-09,-2.5536777995000004e-10,1.0,1974.0,0.0,0.0,0.0,-1.0244548320799999e-08,57.0,100806.0,0.0
26,21,2017-11-06 06:00:00,-0.000464677810669,3.41060513165e-12,0.0,4.0,12.21875,4.66269421993e-09,-2.9444255799900003,5.17815351486e-07,0.024031331762700003,1.12410634756e-05,5153.57572174,108000.0,2.62632966042e-07,0.837079922642,2.23517417908e-08,0.941413452369,145.34375,-1.6273623174599998,-7.610674157979999e-09,5.964534161069999e-10,1.0,1974.0,0.0,0.0,0.0,-9.77888703346e-09,4.0,100806.0,0.0
27,5,2017-11-06 05:59:44,-2.36327759922e-05,1.25055521494e-12,0.0,1.0,1.09375,5.34915138505e-09,1.6724995034799999,7.264316082e-08,0.0052711769240000005,4.93600964546e-06,5153.57520866,107984.0,-8.381903171539999e-08,1.90964479713,4.842877388e-08,0.9468175127159999,280.875,0.619238011532,-8.505354282150001e-09,-4.8930609584899995e-11,1.0,1974.0,0.0,0.0,0.0,-1.07102096081e-08,1.0,100806.0,0.0
28,15,2017-11-06 06:00:00,-0.000357040204108,-1.1368683772199998e-13,0.0,94.0,-12.8125,5.18164440772e-09,0.095329100714,-5.64381480217e-07,0.00986896606628,1.01514160633e-05,5153.64289665,108000.0,3.53902578354e-08,2.89810608552,1.63912773132e-07,0.929080434146,166.46875,0.628811404496,-8.43713715491e-09,-5.546659612069999e-10,1.0,1974.0,0.0,0.0,0.0,-1.07102096081e-08,94.0,100806.0,0.0
29,20,2017-11-06 06:00:00,0.00049193110317,1.13686837722e-12,0.0,4.0,8.5,5.7384533153300006e-09,-0.09712247296939999,6.10947608948e-07,0.00463880307507,4.718080163e-06,5153.74150848,108000.0,-1.04308128357e-07,1.82596081983,-1.8626451492299998e-08,0.927061367279,272.84375,1.7063151035799997,-8.7482215414e-09,7.32173355102e-11,1.0,1974.0,0.0,0.0,0.0,-8.38190317154e-09,4.0,100806.0,0.0
30,24,2017-11-06 06:00:00,-4.18960116804e-05,-5.68434188608e-13,0.0,60.0,124.15625,4.74948354934e-09,-0.96460937903,6.50249421597e-06,0.006201267824510001,8.17328691483e-06,5153.67687798,108000.0,1.49011611938e-07,-2.2977922754700004,-3.72529029846e-09,0.943804657801,213.0625,0.473882662818,-8.27248743945e-09,2.52153360342e-10,1.0,1974.0,0.0,0.0,0.0,2.79396772385e-09,60.0,100806.0,0.0
31,25,2017-11-06 06:00:00,-0.0004849042743440001,-6.25277607469e-12,0.0,149.0,-10.75,4.58019078333e-09,-2.93955520532,-5.96046447754e-07,0.0066476950887600006,3.70666384697e-07,5153.72929764,108000.0,4.47034835815e-08,-1.21024364543,-1.71363353729e-07,0.9757524128730001,379.65625,0.811976690203,-8.358562453389999e-09,-3.92873507616e-12,1.0,1974.0,0.0,0.0,0.0,5.58793544769e-09,149.0,100806.0,0.0
32,13,2017-11-06 06:00:00,-9.36188735068e-05,-3.41060513165e-13,0.0,5.0,11.40625,4.12624330317e-09,-0.601258209984,5.77419996262e-07,0.0035919098881999996,1.18259340525e-05,5153.66406059,108000.0,-7.450580596919999e-08,3.09230072463,4.842877388e-08,0.969509837142,157.71875,1.6934578413499999,-7.793181760160001e-09,-4.4966158735300004e-10,1.0,1974.0,0.0,0.0,0.0,-1.1641532182700001e-08,5.0,100806.0,0.0
33,12,2017-11-06 06:00:00,0.000366034451872,-1.5916157280999999e-12,0.0,90.0,-22.0625,4.33696636634e-09,-2.50670566692,-1.09523534775e-06,0.00656139198691,8.791685104370001e-07,5153.69484711,108000.0,1.89989805222e-07,-1.1529429378,-7.82310962677e-08,0.9879809099879999,375.90625,0.910665620741,-8.26748723117e-09,1.03575742917e-11,1.0,1974.0,0.0,0.0,0.0,-1.25728547573e-08,90.0,100806.0,0.0
34,18,2017-11-06 06:00:00,0.000632356386632,4.54747350886e-13,0.0,7.0,-0.625,5.64166356936e-09,2.42971378937,-1.82539224625e-07,0.018166931346099997,3.94135713577e-06,5153.62552452,108000.0,2.0489096641500002e-07,1.8770995716799999,-1.58324837685e-07,0.9256847233300001,280.1875,-1.77361821221,-8.35963392659e-09,-3.643008888800001e-11,1.0,1974.0,0.0,0.0,0.0,-1.11758708954e-08,7.0,105276.0,0.0
35,10,2017-11-06 06:00:00,0.00010490696877200001,7.95807864051e-12,0.0,142.0,-3.03125,5.00699427569e-09,3.0358229274400004,-9.313225746150001e-08,0.00291049585212,4.9229711294199995e-06,5153.65586662,108000.0,-2.6077032089200004e-08,1.9250984770800001,-3.1664967536900005e-08,0.960032367716,284.21875,-2.8848049154299997,-8.2364145083e-09,-3.32156692802e-11,1.0,1974.0,0.0,0.0,0.0,1.86264514923e-09,142.0,107196.0,0.0
36,12,2017-11-06 08:00:00,0.00036602281034,-1.5916157280999999e-12,0.0,92.0,-10.65625,4.376610874840001e-09,-1.45677824866,-4.3585896492e-07,0.00656186661217,6.966292858119999e-07,5153.69177437,115200.0,1.60187482834e-07,-1.1530025956,5.02914190292e-08,0.987981290346,379.84375,0.9109057923909999,-8.27570185906e-09,5.857386840819999e-11,1.0,1974.0,0.0,1.0,0.0,-1.25728547573e-08,92.0,108006.0,0.0
37,29,2017-11-06 08:00:00,0.000541827175766,-4.88853402203e-12,0.0,58.0,-126.28125,3.896590880080001e-09,-3.0865568211000003,-6.55092298985e-06,0.00045340426731899997,9.31695103645e-06,5153.78809929,115200.0,-1.11758708954e-08,-0.107623862166,-1.04308128357e-07,0.982856482043,208.78125,1.0075258027399998,-7.80246786125e-09,-1.9750822701e-10,1.0,1974.0,0.0,0.0,0.0,-1.0244548320799999e-08,58.0,108006.0,0.0
38,10,2017-11-06 08:00:00,0.00010496471077200002,7.95807864051e-12,0.0,146.0,1.1875,4.971635660010001e-09,-2.1970691002900002,5.5879354476900004e-08,0.00290998956189,4.9564987421e-06,5153.65695763,115200.0,-9.31322574615e-09,1.9250391777000002,-2.79396772385e-08,0.9600321395010001,284.3125,-2.88490328204,-8.23605735056e-09,-2.85726187357e-11,1.0,1974.0,0.0,0.0,0.0,1.86264514923e-09,146.0,108006.0,0.0
39,21,2017-11-06 08:00:00,-0.000464653130621,3.41060513165e-12,0.0,5.0,12.78125,4.75269796895e-09,-1.89417444721,7.69272446632e-07,0.0240320967278,1.0784715414e-05,5153.57491112,115200.0,3.93018126488e-07,0.837025702509,3.4645199775700004e-07,0.9414168814489999,155.78125,-1.62737089894,-7.81639701288e-09,4.77877048354e-10,1.0,1974.0,0.0,0.0,0.0,-9.77888703346e-09,5.0,108006.0,0.0
40,15,2017-11-06 08:00:00,-0.00035704160109199996,-1.1368683772199998e-13,0.0,95.0,-17.1875,5.18450166959e-09,1.14551537502,-6.910413503649999e-07,0.009868677821940001,1.04121863842e-05,5153.64265823,115200.0,-1.6205012798299998e-07,2.89804669397,2.23517417908e-08,0.929075957617,164.4375,0.6288294788490001,-8.358919611130001e-09,-7.43245244862e-10,1.0,1974.0,0.0,0.0,0.0,-1.07102096081e-08,95.0,108006.0,0.0
41,20,2017-11-06 08:00:00,0.0004919390194119999,1.13686837722e-12,0.0,5.0,7.53125,5.82917137981e-09,0.9530194266390001,2.36555933952e-07,0.004639034741560001,4.94718551636e-06,5153.74193382,115200.0,-3.7252902984599996e-08,1.8258979640900002,-7.264316082e-08,0.9270616071969999,271.21875,1.70632143217,-8.7639364817e-09,2.57153568621e-11,1.0,1974.0,0.0,0.0,0.0,-8.38190317154e-09,5.0,108006.0,0.0
42,18,2017-11-06 08:00:00,0.0006323601119219999,4.54747350886e-13,0.0,8.0,5.0,5.6848796552000004e-09,-2.80326702579,3.03611159325e-07,0.0181659611408,4.32319939137e-06,5153.62737656,115200.0,2.7380883693699997e-07,1.87703885765,-5.58793544769e-09,0.925684616537,275.78125,-1.7736044505400002,-8.376420340099999e-09,6.32169189527e-11,1.0,1974.0,0.0,0.0,0.0,-1.11758708954e-08,8.0,108006.0,0.0
43,24,2017-11-06 08:00:00,-4.18997369707e-05,-5.68434188608e-13,0.0,72.0,120.8125,4.8148434147e-09,0.08548839019169999,6.38701021671e-06,0.00619975279551,8.79727303982e-06,5153.67386436,115200.0,9.126961231230001e-08,-2.29785202982,6.70552253723e-08,0.9438061836239999,201.78125,0.473966398786,-8.323560995440001e-09,2.35366946835e-10,1.0,1974.0,0.0,0.0,0.0,2.79396772385e-09,72.0,108006.0,0.0
44,25,2017-11-06 08:00:00,-0.00048494944348900006,-6.25277607469e-12,0.0,150.0,-5.90625,4.5673331049e-09,-1.8893719007499998,-3.22237610817e-07,0.00664696563035,6.03497028351e-07,5153.73062325,115200.0,1.0989606380499999e-07,-1.2103045862000001,-1.4901161193799999e-08,0.975752875155,374.90625,0.8119403191329999,-8.37677749783e-09,1.25005206969e-10,1.0,1974.0,0.0,0.0,0.0,5.58793544769e-09,150.0,108006.0,0.0
45,13,2017-11-06 08:00:00,-9.36216674745e-05,-3.41060513165e-13,0.0,51.0,10.8125,4.09624205349e-09,0.448934827389,5.3271651268e-07,0.00359252735507,1.19842588902e-05,5153.66522217,115200.0,-4.6566128730800005e-08,3.0922452639499998,-1.08033418655e-07,0.9695061227930001,153.21875,1.6934479256900001,-7.80211070351e-09,-5.785955293980001e-10,1.0,1974.0,0.0,0.0,0.0,-1.1641532182700001e-08,51.0,108006.0,0.0
46,32,2017-11-06 08:00:00,-0.000520847272128,-3.5242919693699996e-12,0.0,137.0,1.21875,4.333394789e-09,2.66616915914,1.50874257088e-07,0.0014780234778300001,1.0896474123e-05,5153.60596275,115200.0,1.86264514923e-09,2.9676478260100003,2.421438694e-08,0.957981688651,165.96875,-2.61573671731,-7.84354100068e-09,-5.310935507500001e-10,1.0,1974.0,0.0,0.0,0.0,4.65661287308e-10,137.0,108096.0,0.0
47,26,2017-11-06 08:00:00,-0.00037208013236500004,1.3301360013399998e-11,0.0,104.0,-6.34375,5.05485341208e-09,-2.37994127719,-2.84984707832e-07,0.0021668917033800003,3.4645199775700004e-07,5153.55398178,115200.0,1.86264514923e-09,-1.22863147823,-5.02914190292e-08,0.957417803952,374.5,-0.0880060970758,-8.63000233138e-09,5.821671067399999e-11,1.0,1974.0,0.0,1.0,0.0,7.45058059692e-09,104.0,110076.0,0.0
48,14,2017-11-06 08:00:00,-8.79457220435e-05,-7.95807864051e-13,0.0,5.0,8.96875,4.21981862953e-09,1.6710717217700002,4.3027102947200003e-07,0.009274100651959999,1.14999711514e-05,5153.71544647,115200.0,-1.4156103134200002e-07,3.0517222736900003,-1.5646219253499998e-07,0.9620217461239999,157.65625,-1.9506231879299998,-7.8249687985e-09,-4.98235039204e-10,1.0,1974.0,0.0,0.0,0.0,-9.77888703346e-09,5.0,111156.0,0.0
49,27,2017-11-06 08:00:00,0.000344954896718,3.75166564481e-12,0.0,6.0,-133.75,4.1369580351899994e-09,2.03269464621,-6.880611181260001e-06,0.00502739672083,9.18470323086e-06,5153.6786747,115200.0,-1.6950070858e-07,-0.170817404236,1.24797224998e-07,0.976482880054,210.0,0.37412104613499997,-7.895328872139999e-09,-2.09651589973e-10,1.0,1974.0,0.0,0.0,0.0,1.86264514923e-09,6.0,114606.0,0.0
50,21,2017-11-06 10:00:00,-0.000464628450572,3.41060513165e-12,0.0,6.0,4.15625,5.0280665820100006e-09,-0.843903026691,3.05473804474e-07,0.024031509412500002,1.1071562767e-05,5153.57595444,122400.0,-3.66941094398e-07,0.836966208556,2.1420419216199999e-07,0.941417125756,162.03125,-1.6273993863499998,-8.570356989769999e-09,5.282362888759999e-10,1.0,1974.0,0.0,0.0,0.0,-9.77888703346e-09,6.0,115206.0,0.0
51,10,2017-11-06 10:00:00,0.00010502198710999999,7.95807864051e-12,0.0,147.0,0.5625,4.99056501992e-09,-1.14667472004,-2.79396772385e-08,0.0029098849045100005,5.27314841747e-06,5153.65807533,122400.0,3.7252902984599996e-08,1.92498002461,-5.21540641785e-08,0.9600318235099999,280.15625,-2.88510372522,-8.251057975399999e-09,-6.178828801590001e-11,1.0,1974.0,0.0,0.0,0.0,1.86264514923e-09,147.0,115206.0,0.0
52,27,2017-11-06 10:00:00,0.000344982370734,3.75166564481e-12,0.0,7.0,-129.96875,4.0419540779e-09,3.08285804486,-6.714835762980001e-06,0.005026511265899999,8.821487426760001e-06,5153.68011093,122400.0,-9.126961231230001e-08,-0.170873992833,-4.6566128730800005e-08,0.976482049117,217.8125,0.374132666093,-7.77603818892e-09,-1.68578450541e-10,1.0,1974.0,0.0,0.0,0.0,1.86264514923e-09,7.0,115206.0,0.0
53,29,2017-11-06 10:00:00,0.00054179225117,-4.88853402203e-12,0.0,59.0,-133.875,4.0012380962e-09,-2.03692340549,-6.8936496973e-06,0.00045469775795900003,9.11206007004e-06,5153.7858429,122400.0,4.0978193283099994e-08,-0.107680412727,-2.79396772385e-08,0.982855335116,217.71875,1.00800084589,-7.81639701288e-09,-1.36434254463e-10,1.0,1974.0,0.0,0.0,0.0,-1.0244548320799999e-08,59.0,115206.0,0.0
54,32,2017-11-06 10:00:00,-0.0005208724178369999,-3.5242919693699996e-12,0.0,139.0,-7.25,4.358752988130001e-09,-2.56695248822,-2.7008354663800003e-07,0.0014791422290699999,1.09989196062e-05,5153.60383415,122400.0,-6.14672899246e-08,2.9675914100400003,2.9802322387700004e-08,0.957977848491,165.125,-2.61557895037,-7.836397846e-09,-5.52165857067e-10,1.0,1974.0,0.0,0.0,0.0,4.65661287308e-10,139.0,115206.0,0.0
55,20,2017-11-06 10:00:00,0.0004919474013150001,1.13686837722e-12,0.0,48.0,7.40625,5.85524389441e-09,2.00322350758,2.60770320892e-07,0.00463900750037,4.7031790018099995e-06,5153.74144936,122400.0,7.07805156708e-08,1.8258352970700003,-5.5879354476900004e-08,0.927062266973,269.34375,1.70626620847,-8.65428905731e-09,2.14294640518e-11,1.0,1974.0,0.0,0.0,0.0,-8.38190317154e-09,48.0,115206.0,0.0
56,18,2017-11-06 10:00:00,0.000632363837212,4.54747350886e-13,0.0,58.0,8.34375,5.7466679432099996e-09,-1.75307030479,6.18398189545e-07,0.0181661180686,4.39584255219e-06,5153.62664795,122400.0,3.50177288055e-07,1.8769788867900001,2.421438694e-07,0.92568460776,274.6875,-1.7735837400099999,-8.51285459456e-09,-1.7857886709799998e-12,1.0,1974.0,0.0,0.0,0.0,-1.11758708954e-08,58.0,115206.0,0.0
57,14,2017-11-06 10:00:00,-8.79522413015e-05,-7.95807864051e-13,0.0,52.0,4.375,4.15731602604e-09,2.72127734755,2.53319740295e-07,0.00927465583663,1.15428119898e-05,5153.71409607,122400.0,5.02914190292e-08,3.05166704122,-4.842877388e-08,0.9620189724320001,154.3125,-1.9506758047,-7.61960310134e-09,-5.282362888759999e-10,1.0,1974.0,0.0,0.0,0.0,-9.77888703346e-09,52.0,115206.0,0.0
58,24,2017-11-06 10:00:00,-4.19039279222e-05,-5.68434188608e-13,0.0,73.0,144.0,4.5976915123099994e-09,1.13518795896,7.46175646782e-06,0.006203272612770001,9.87015664577e-06,5153.68260384,122400.0,-3.91155481339e-08,-2.29791114049,6.89178705215e-08,0.9438077153,178.15625,0.474446525574,-8.25784397235e-09,1.43220251413e-10,1.0,1974.0,0.0,0.0,0.0,2.79396772385e-09,73.0,115206.0,0.0
59,25,2017-11-06 10:00:00,-0.000484994612634,-6.25277607469e-12,0.0,151.0,4.6875,4.65519390751e-09,-0.83944639598,3.78116965294e-07,0.0066468439763400005,7.97212123871e-07,5153.72783852,122400.0,6.33299350739e-08,-1.2103648555,1.6763806343099998e-07,0.975752930746,372.71875,0.8121623213410001,-8.534998374079999e-09,6.178828801590001e-11,1.0,1974.0,0.0,0.0,0.0,5.58793544769e-09,151.0,116256.0,0.0
60,31,2017-11-06 10:00:00,0.000163945835084,-2.50111042988e-12,0.0,17.0,122.3125,4.220532945e-09,-0.034857604462,6.4875930547699995e-06,0.00870668678544,7.86408782005e-06,5153.55692863,122400.0,9.49949026108e-08,-2.22998925994,-7.63684511185e-08,0.965410165757,227.65625,-0.228178095894,-8.1571254913e-09,2.73582824394e-10,1.0,1974.0,0.0,0.0,0.0,-1.35041773319e-08,17.0,117396.0,0.0
61,8,2017-11-06 10:00:00,-7.96420499682e-05,-1.36424205266e-12,0.0,156.0,-130.46875,4.32553731885e-09,-2.72664739798,-6.6626816988e-06,0.0028209147276400002,8.99285078049e-06,5153.71615028,122400.0,-4.6566128730800005e-08,-0.17773575595600002,5.02914190292e-08,0.968325934113,208.78125,-0.6354812868949999,-7.91247244338e-09,-1.6286392679299998e-10,1.0,1974.0,0.0,1.0,0.0,5.58793544769e-09,156.0,118386.0,0.0
62,26,2017-11-06 09:59:44,-0.00037198374047900005,1.3301360013399998e-11,0.0,6.0,3.78125,4.91663336894e-09,-1.33112285763,1.86264514923e-09,0.00216630706564,6.33299350739e-07,5153.55781364,122384.0,2.79396772385e-08,-1.22869366542,-2.23517417908e-08,0.957418282326,364.03125,-0.0889021285476,-8.6396455902e-09,8.7503644878e-11,1.0,1974.0,0.0,0.0,0.0,7.45058059692e-09,6.0,120156.0,0.0
63,21,2017-11-06 12:00:00,-0.000464603770524,3.41060513165e-12,0.0,7.0,-10.40625,5.14271421469e-09,0.206295199652,-3.93018126488e-07,0.024030506727299998,1.12876296043e-05,5153.57337761,129600.0,-2.9429793357800004e-07,0.836903891172,-1.4901161193799999e-08,0.9414210010259999,160.53125,-1.62735093157,-8.64464579848e-09,5.221646073950001e-10,1.0,1974.0,0.0,0.0,0.0,-9.77888703346e-09,7.0,122406.0,0.0
64,10,2017-11-06 11:59:44,0.000105079263449,7.95807864051e-12,0.0,7.0,0.5,5.08914055456e-09,-0.09881894445710002,-1.60187482834e-07,0.00290978944395,5.13903796673e-06,5153.65789795,129584.0,7.45058059692e-09,1.9249206725599999,1.67638063431e-08,0.960030996962,279.21875,-2.88509917848,-8.323203837710001e-09,-8.60750139413e-11,1.0,1974.0,0.0,0.0,0.0,1.86264514923e-09,7.0,122406.0,0.0
65,27,2017-11-06 12:00:00,0.000345009379089,3.75166564481e-12,0.0,8.0,-134.3125,4.06195491101e-09,-2.1503042935599996,-7.14138150215e-06,0.00502693152521,8.43219459057e-06,5153.67876816,129600.0,1.11758708954e-08,-0.170930872551,-9.49949026108e-08,0.976480788081,225.625,0.374283403709,-7.86282751833e-09,-7.71460705864e-11,1.0,1974.0,0.0,0.0,0.0,1.86264514923e-09,8.0,122406.0,0.0
66,8,2017-11-06 11:59:44,-7.96471722424e-05,-1.36424205266e-12,0.0,6.0,-124.625,4.24803409053e-09,-1.6783098352,-6.56582415104e-06,0.00281963218004,8.54209065437e-06,5153.71981239,129584.0,-8.94069671631e-08,-0.17779311404800002,-6.89178705215e-08,0.9683244697319999,221.875,-0.636000489688,-8.00497629654e-09,-1.28933942045e-10,1.0,1974.0,0.0,0.0,0.0,5.58793544769e-09,6.0,122406.0,0.0
67,32,2017-11-06 12:00:00,-0.0005208975635470001,-3.5242919693699996e-12,0.0,140.0,-8.78125,4.4644716774499995e-09,-1.5170242331700001,-4.02331352234e-07,0.00147951126564,1.10771507025e-05,5153.60277748,129600.0,3.35276126862e-08,2.96753583232,-1.6205012798299998e-07,0.9579732885760001,169.21875,-2.6152844386300003,-7.86532762247e-09,-7.23244411747e-10,1.0,1974.0,0.0,0.0,0.0,4.65661287308e-10,140.0,122406.0,0.0
68,31,2017-11-06 12:00:00,0.00016392813995500002,-2.50111042988e-12,0.0,18.0,124.125,4.17624538595e-09,1.01541371073,6.63660466671e-06,0.008705229614860002,8.445233106610001e-06,5153.55434608,129600.0,1.50874257088e-07,-2.23004698083,1.37835741043e-07,0.96541272879,215.0,-0.228198148112,-7.97033199632e-09,2.0536569716299997e-10,1.0,1974.0,0.0,0.0,0.0,-1.35041773319e-08,18.0,122406.0,0.0
69,18,2017-11-06 12:00:00,0.000632367562503,4.54747350886e-13,0.0,59.0,7.25,6.08311052883e-09,-0.7029231796400001,5.25265932083e-07,0.0181657132925,5.15393912792e-06,5153.62397194,129600.0,-2.30967998505e-07,1.8769149836,1.65775418282e-07,0.925682033024,265.09375,-1.77351006307,-9.11787979629e-09,3.10727228751e-11,1.0,1974.0,0.0,0.0,0.0,-1.11758708954e-08,59.0,122406.0,0.0
70,14,2017-11-06 12:00:00,-8.79582948983e-05,-7.95807864051e-13,0.0,54.0,1.28125,4.21731852539e-09,-2.51175553871,1.6763806343099998e-07,0.009275309625079999,1.15483999252e-05,5153.71287918,129600.0,1.4901161193799999e-08,3.05161257093,-1.11758708954e-07,0.96201503133,157.875,-1.9506741911,-7.60495963424e-09,-5.88953103689e-10,1.0,1974.0,0.0,0.0,0.0,-9.77888703346e-09,54.0,122406.0,0.0
71,26,2017-11-06 12:00:00,-0.00037188781425400005,1.3301360013399998e-11,0.0,7.0,12.4375,4.90770442559e-09,-0.27887516059,6.50063157082e-07,0.00216538982932,5.699694156649999e-07,5153.55560875,129600.0,3.35276126862e-08,-1.2287559696400001,1.3038516044600002e-08,0.9574188484749999,363.65625,-0.0885609541078,-8.65786063465e-09,7.92890169915e-11,1.0,1974.0,0.0,0.0,0.0,7.45058059692e-09,7.0,122436.0,0.0
72,11,2017-11-06 12:00:00,-0.000725093763322,-1.8189894035499996e-12,0.0,67.0,-63.65625,5.6859511284e-09,1.2543453926600001,-3.52598726749e-06,0.0169605242554,1.14273279905e-05,5153.74424171,129600.0,-5.7741999626199995e-08,0.47212982656,-4.61935997009e-07,0.903041238424,131.4375,1.71550869814,-8.5685712011e-09,3.7215835903199997e-10,1.0,1974.0,0.0,0.0,0.0,-1.210719347e-08,67.0,126606.0,0.0
73,22,2017-11-06 12:00:00,-0.00017990637570599997,-1.2732925824799999e-11,0.0,5.0,9.625,5.92667544125e-09,-2.85368967046,4.3958425521899994e-07,0.00716059934348,4.4833868742e-06,5153.67281723,129600.0,1.71363353729e-07,1.8764680401900002,8.00937414169e-08,0.9237872308059999,269.8125,-1.65901095699,-8.67357557495e-09,4.64305054455e-11,1.0,1974.0,0.0,0.0,0.0,-1.76951289177e-08,5.0,126636.0,0.0
74,1,2017-11-06 12:00:00,-8.66409391165e-06,-2.38742359215e-12,0.0,59.0,-0.6875,4.35911014586e-09,1.8846148495700001,-1.4901161193799999e-08,0.00711902312469,1.12168490887e-05,5153.67987633,129600.0,-2.1606683731100002e-07,0.885504554762,1.11758708954e-08,0.968940779564,168.125,0.632631074824,-7.83461205733e-09,5.707380592450001e-10,1.0,1974.0,0.0,0.0,0.0,5.58793544769e-09,59.0,128496.0,0.0
75,16,2017-11-06 11:59:44,3.65674495697e-05,-2.27373675443e-13,0.0,6.0,-14.6875,4.1473156094800006e-09,-1.34553329998,-8.12113285065e-07,0.00936057430226,6.55651092529e-07,5153.78898811,129584.0,1.39698386192e-07,-1.13422760737,-9.87201929092e-08,0.9884461559729999,374.53125,0.45752947256800003,-8.226414091740001e-09,1.0357574291700001e-10,1.0,1974.0,0.0,0.0,0.0,-1.07102096081e-08,6.0,129486.0,0.0
76,10,2017-11-06 14:00:00,0.000105137005448,7.95807864051e-12,0.0,8.0,1.375,5.18200156545e-09,0.953684298036,1.43423676491e-07,0.0029098736122299997,5.09060919285e-06,5153.65809822,136800.0,4.842877388e-08,1.92486017504,-3.53902578354e-08,0.960030307927,278.90625,-2.8850735174299995,-8.37499170916e-09,-4.75019786481e-11,1.0,1974.0,0.0,0.0,0.0,1.86264514923e-09,8.0,129606.0,0.0
77,26,2017-11-06 14:00:00,-0.00037179235369,1.3301360013399998e-11,0.0,8.0,20.6875,4.87341728311e-09,0.771045128873,1.06543302536e-06,0.0021670029964299996,8.381903171539999e-08,5153.55890656,136800.0,-2.04890966415e-08,-1.22881853572,1.11758708954e-08,0.9574192054269999,374.0,-0.0882260555865,-8.70679124423e-09,8.03604901941e-11,1.0,1974.0,0.0,0.0,0.0,7.45058059692e-09,8.0,129606.0,0.0
78,27,2017-11-06 14:00:00,0.00034503685310500006,3.75166564481e-12,0.0,9.0,-140.15625,4.081955744129999e-09,-1.10017172444,-7.353723049160001e-06,0.00502751185559,8.01682472229e-06,5153.67830086,136800.0,1.89989805222e-07,-0.170986997403,-9.685754776e-08,0.976479766965,232.03125,0.37432588099799996,-7.938544957979999e-09,-1.90007914592e-10,1.0,1974.0,0.0,0.0,0.0,1.86264514923e-09,9.0,129606.0,0.0
79,31,2017-11-06 14:00:00,0.000163909979165,-2.50111042988e-12,0.0,62.0,145.03125,4.055168914060001e-09,2.06513330539,7.7411532402e-06,0.00870573311113,9.98377799988e-06,5153.5630455,136800.0,-1.11758708954e-08,-2.23010349774,8.754432201389999e-08,0.965413837681,188.75,-0.227670381397,-7.91175812791e-09,9.857553463809999e-11,1.0,1974.0,0.0,0.0,0.0,-1.35041773319e-08,62.0,129606.0,0.0
80,32,2017-11-06 14:00:00,-0.000520922709256,-3.5242919693699996e-12,0.0,141.0,-6.59375,4.610549190739999e-09,-0.466990852821,-4.991888999939999e-07,0.0014793715672599998,1.09747052193e-05,5153.60219002,136800.0,2.421438694e-08,2.96747915009,-2.23517417908e-08,0.957967333036,168.3125,-2.61509343273,-7.99390440678e-09,-7.793181760160001e-10,1.0,1974.0,0.0,0.0,0.0,4.65661287308e-10,141.0,129606.0,0.0
81,1,2017-11-06 14:00:00,-8.68085771799e-06,-2.38742359215e-12,0.0,60.0,-6.75,4.2383908317000006e-09,2.9347279253,-3.61353158951e-07,0.00711911788676,1.1196359992e-05,5153.6802845,136800.0,-3.1664967536900005e-08,0.885448737123,-1.15483999252e-07,0.968945933425,168.71875,0.632693011849,-7.63567519938e-09,6.028822553230001e-10,1.0,1974.0,0.0,0.0,0.0,5.58793544769e-09,60.0,129606.0,0.0
82,16,2017-11-06 13:59:44,3.65660525858e-05,-2.27373675443e-13,0.0,60.0,-5.28125,4.2383908317000006e-09,-0.295538722077,-1.24797224998e-07,0.009360088384709999,9.424984455110001e-07,5153.78685951,136784.0,5.02914190292e-08,-1.13428708231,1.30385160446e-07,0.9884456103039999,372.46875,0.457643757191,-8.456066514830001e-09,2.4286725925300002e-11,1.0,1974.0,0.0,0.0,0.0,-1.07102096081e-08,60.0,129606.0,0.0
83,22,2017-11-06 14:00:00,-0.00017999857664099996,-1.2732925824799999e-11,0.0,7.0,13.125,5.8802449358e-09,-1.80356213379,7.86036252975e-07,0.007160763256250001,4.6119093895e-06,5153.671978,136800.0,4.842877388e-08,1.87640545509,1.28522515297e-07,0.923787998838,267.25,-1.6589469133599999,-8.64321716755e-09,1.1179037080299998e-10,1.0,1974.0,0.0,0.0,0.0,-1.76951289177e-08,7.0,129606.0,0.0
84,14,2017-11-06 14:00:00,-8.7964348495e-05,-7.95807864051e-13,0.0,55.0,6.9375,4.4041120203699994e-09,-1.4616719641799998,3.22237610817e-07,0.009275745716879998,1.15111470222e-05,5153.71139908,136800.0,2.0489096641500002e-07,3.05155830398,1.37835741043e-07,0.962009426891,160.0625,-1.95060240132,-7.83068332225e-09,-7.58603027432e-10,1.0,1974.0,0.0,0.0,0.0,-9.77888703346e-09,55.0,129606.0,0.0
85,18,2017-11-06 14:00:00,0.000632371287793,4.54747350886e-13,0.0,60.0,5.65625,6.09703968046e-09,0.34729427090899995,3.79979610443e-07,0.018165523652,5.165114998819999e-06,5153.62356949,136800.0,-2.2910535335500003e-07,1.87684928688,1.11758708954e-08,0.925682214426,265.4375,-1.77350476877,-9.14145220675e-09,-1.35719938995e-11,1.0,1974.0,0.0,0.0,0.0,-1.11758708954e-08,60.0,129636.0,0.0
86,3,2017-11-06 14:00:00,-4.59179282188e-05,5.3432813729200004e-12,0.0,14.0,5.1875,5.0894977122900005e-09,1.88906654439,2.38418579102e-07,0.00110327464063,5.127862095830001e-06,5153.61467934,136800.0,-9.49949026108e-08,1.9284557307099999,6.70552253723e-08,0.959899249485,278.53125,0.5655879179559999,-8.30320300459e-09,5.14307137242e-11,1.0,1974.0,0.0,0.0,0.0,2.3283064365400003e-09,14.0,135696.0,0.0
87,26,2017-11-06 16:00:00,-0.000371696427464,1.3301360013399998e-11,0.0,9.0,22.9375,4.9109188452e-09,1.82151702915,1.2218952179e-06,0.00216725212522,-1.00582838058e-07,5153.55818176,144000.0,-2.9802322387700004e-08,-1.22888113691,-1.4901161193799999e-08,0.957419754021,379.78125,-0.08844451606910002,-8.70464829783e-09,6.28597612185e-11,1.0,1974.0,0.0,0.0,0.0,7.45058059692e-09,9.0,136806.0,0.0
88,1,2017-11-06 16:00:00,-8.69762152433e-06,-2.38742359215e-12,0.0,61.0,-17.96875,4.27839249793e-09,-2.29830110325,-1.07660889626e-06,0.007120567956010001,1.12149864435e-05,5153.67762947,144000.0,1.15483999252e-07,0.8853930379799999,-1.00582838058e-07,0.9689503543629999,167.5,0.63271323084,-7.69782064513e-09,6.97529054885e-10,1.0,1974.0,0.0,0.0,0.0,5.58793544769e-09,61.0,136806.0,0.0
89,32,2017-11-06 16:00:00,-0.0005209478549659999,-3.5242919693699996e-12,0.0,142.0,-0.6875,4.63090718159e-09,0.5832210722869999,-5.40167093277e-08,0.0014802973019,1.07139348984e-05,5153.60393715,144000.0,6.33299350739e-08,2.9674215286699996,-2.79396772385e-08,0.957961722745,171.375,-2.61508053272,-8.0024761924e-09,-7.643175511800001e-10,1.0,1974.0,0.0,0.0,0.0,4.65661287308e-10,142.0,136806.0,0.0
90,31,2017-11-06 16:00:00,0.000163891818374,-2.50111042988e-12,0.0,63.0,162.09375,4.183031382900001e-09,3.11555262254,8.26828181744e-06,0.00870750716422,9.82731580734e-06,5153.55879593,144000.0,-5.7741999626199995e-08,-2.2301605413099996,4.6566128730800005e-08,0.965414809059,193.65625,-0.22784206507399998,-7.87318509262e-09,1.3179120391799997e-10,1.0,1974.0,0.0,0.0,0.0,-1.35041773319e-08,63.0,136806.0,0.0
91,16,2017-11-06 16:00:00,3.6564655602e-05,-2.27373675443e-13,0.0,61.0,3.40625,4.15838749925e-09,0.756898465276,2.64495611191e-07,0.009361480595540001,7.18981027603e-07,5153.78947067,144000.0,-8.381903171539999e-08,-1.13434774221,1.49011611938e-07,0.98844577854,378.34375,0.457648245424,-8.41463621766e-09,-3.71444043564e-11,1.0,1974.0,0.0,0.0,0.0,-1.07102096081e-08,61.0,136806.0,0.0
92,22,2017-11-06 16:00:00,-0.00018009031191499998,-1.2732925824799999e-11,0.0,8.0,10.46875,6.00953603558e-09,-0.753554339877,5.86733222008e-07,0.0071604419499600004,5.28618693352e-06,5153.669384,144000.0,-1.43423676491e-07,1.87634208001,7.45058059692e-09,0.923787905211,258.03125,-1.6587614416799998,-8.87644116798e-09,1.48577617426e-10,1.0,1974.0,0.0,0.0,0.0,-1.76951289177e-08,8.0,136806.0,0.0
93,3,2017-11-06 16:00:00,-4.5879278332e-05,5.3432813729200004e-12,0.0,59.0,7.3125,5.07199698332e-09,2.9398687116000004,3.37138772011e-07,0.00110400340054,5.48176467419e-06,5153.61284447,144000.0,-5.7741999626199995e-08,1.9283961328900001,-2.79396772385e-08,0.959900057016,271.96875,0.565007392563,-8.228557038140001e-09,7.71460705864e-11,1.0,1974.0,0.0,0.0,0.0,2.3283064365400003e-09,59.0,136806.0,0.0
94,14,2017-11-06 16:00:00,-8.79704020917e-05,-7.95807864051e-13,0.0,56.0,11.0625,4.51590239118e-09,-0.411432827337,5.569308996199999e-07,0.00927637040149,1.12168490887e-05,5153.71326828,144000.0,-3.53902578354e-08,3.0515006474599997,4.6566128730800005e-08,0.9620029842,165.84375,-1.95068439349,-8.07497921244e-09,-7.29673250963e-10,1.0,1974.0,0.0,0.0,0.0,-9.77888703346e-09,56.0,136806.0,0.0
95,27,2017-11-06 16:00:00,0.00034506386145899995,3.75166564481e-12,0.0,10.0,-149.5,4.0712410121e-09,-0.0497816232273,-7.74301588535e-06,0.0050284593598900005,7.817521691319999e-06,5153.680933,144000.0,9.126961231230001e-08,-0.17104443595600002,5.960464477540001e-08,0.9764777086390001,238.75,0.374109256478,-8.06712174229e-09,-2.2643800348e-10,1.0,1974.0,0.0,0.0,0.0,1.86264514923e-09,10.0,136806.0,0.0
96,23,2017-11-06 16:00:00,-0.000218546018004,-2.27373675443e-13,0.0,66.0,-7.46875,4.86555981295e-09,-1.47043220291,-4.954636096949999e-07,0.011862157727600001,1.00936740637e-05,5153.65294266,144000.0,2.2910535335500003e-07,2.96371986463,-1.26659870148e-07,0.944360525709,172.96875,-2.41595793409,-8.009976504819999e-09,-6.514557071740001e-10,1.0,1974.0,0.0,0.0,0.0,-2.04890966415e-08,66.0,136866.0,0.0
97,8,2017-11-06 16:00:00,-7.96662643552e-05,-1.36424205266e-12,0.0,63.0,-151.5625,4.19160316853e-09,0.423686467625,-7.88643956184e-06,0.0028216538485100005,7.46548175812e-06,5153.72119331,144000.0,6.14672899246e-08,-0.177908476842,-3.35276126862e-08,0.9683218394059999,239.34375,-0.635359753513,-8.11676666734e-09,-2.25366530278e-10,1.0,1974.0,0.0,0.0,0.0,5.58793544769e-09,63.0,138936.0,0.0
98,7,2017-11-06 16:00:00,0.00028317468240900005,-5.11590769747e-12,0.0,13.0,130.65625,4.23124767702e-09,-2.9423787001200004,6.63846731186e-06,0.0110845586751,9.305775165560001e-06,5153.7200737,144000.0,-3.53902578354e-08,-2.2418142345,-1.37835741043e-07,0.960714421086,199.0625,-2.54886179455,-7.81711132835e-09,1.71435712414e-10,1.0,1974.0,0.0,0.0,0.0,-1.11758708954e-08,13.0,139686.0,0.0
99,9,2017-11-06 16:00:00,0.000468093901873,5.00222085975e-12,0.0,84.0,-10.15625,4.6894810499899995e-09,0.136763812236,-5.625188350680001e-07,0.000977702555247,1.04103237391e-05,5153.74364853,144000.0,-4.28408384323e-08,2.96342971385,-3.53902578354e-08,0.953515979071,174.28125,1.77270669137,-8.02533428739e-09,-6.971718971510001e-10,1.0,1974.0,0.0,0.0,0.0,9.31322574615e-10,84.0,142776.0,0.0
100,11,2017-11-06 16:00:00,-0.000725119840354,-1.8189894035499996e-12,0.0,134.0,-77.0625,5.41343977721e-09,-2.92849519647,-4.00841236115e-06,0.0169592914172,1.1770054698e-05,5153.7455883,144000.0,2.36555933952e-07,0.47201187732600003,1.34110450745e-07,0.9030475699330001,114.8125,1.7154548510499998,-8.11248077453e-09,3.9251634988099997e-10,1.0,1974.0,0.0,1.0,0.0,-1.210719347e-08,134.0,143526.0,0.0
101,23,2017-11-06 18:00:00,-0.00021854694932700003,-2.27373675443e-13,0.0,67.0,-4.8125,5.0227092159999996e-09,-0.42025294915399997,-2.7380883693699997e-07,0.011862208019,1.01923942566e-05,5153.65266037,151200.0,2.79396772385e-08,2.9636615454000004,1.35973095894e-07,0.944354122517,173.34375,-2.4159405663299998,-8.3346328852e-09,-7.29316093228e-10,1.0,1974.0,0.0,0.0,0.0,-2.04890966415e-08,67.0,144006.0,0.0
102,11,2017-11-06 18:00:00,-0.00072513287887,-1.8189894035499996e-12,0.0,136.0,-79.0,5.42844040205e-09,-1.87837342808,-3.7960708141300003e-06,0.0169588403078,1.22711062431e-05,5153.74577713,151200.0,1.71363353729e-07,0.47195366342699996,3.81842255592e-07,0.9030497804019999,106.5,1.71547531143,-8.26855870437e-09,3.44300055765e-10,1.0,1974.0,0.0,1.0,0.0,-1.210719347e-08,136.0,144006.0,0.0
103,7,2017-11-06 18:00:00,0.000283137429506,-5.11590769747e-12,0.0,65.0,141.0,4.2033893737499995e-09,-1.89214199903,7.158145308489999e-06,0.011083004646900001,9.8180025816e-06,5153.72344208,151200.0,4.47034835815e-08,-2.24187081871,-1.52736902237e-07,0.9607157815999999,189.90625,-2.54894941896,-7.84496963162e-09,1.98222542479e-10,1.0,1974.0,0.0,0.0,0.0,-1.11758708954e-08,65.0,144006.0,0.0
104,1,2017-11-06 18:00:00,-8.71438533068e-06,-2.38742359215e-12,0.0,62.0,-24.8125,4.2080324243000004e-09,-1.24791125073,-1.27218663692e-06,0.00712006993126,1.15986913443e-05,5153.68063164,151200.0,1.78813934326e-07,0.88533768116,-5.58793544769e-09,0.968955370709,157.9375,0.632498663182,-7.73746515362e-09,6.86814322859e-10,1.0,1974.0,0.0,0.0,0.0,5.58793544769e-09,62.0,144006.0,0.0
105,9,2017-11-06 18:00:00,0.000468129757792,5.00222085975e-12,0.0,170.0,-6.375,4.71841082646e-09,1.1873753334200001,-4.43309545517e-07,0.000977325020358,1.05164945126e-05,5153.7425499,151200.0,-2.6077032089200004e-08,2.9633719271200003,-7.264316082e-08,0.9535109627249999,171.6875,1.7722348344499999,-8.012476608949999e-09,-6.989576858219999e-10,1.0,1974.0,0.0,1.0,0.0,9.31322574615e-10,170.0,144006.0,0.0
106,16,2017-11-06 18:00:00,3.65627929568e-05,-2.27373675443e-13,0.0,69.0,3.375,4.25803450709e-09,1.80711210346,1.43423676491e-07,0.00936098420061,6.016343832020001e-07,5153.78742409,151200.0,-1.58324837685e-07,-1.1344080905,4.0978193283099994e-08,0.988445224094,386.65625,0.45754332055,-8.38963517627e-09,-8.07176479283e-11,1.0,1974.0,0.0,0.0,0.0,-1.07102096081e-08,69.0,144006.0,0.0
107,22,2017-11-06 18:00:00,-0.00018018251285,-1.2732925824799999e-11,0.0,9.0,6.71875,6.08811073711e-09,0.29661159840100004,4.2654573917399996e-07,0.00715958629735,5.1688402891199995e-06,5153.66769409,151200.0,-6.89178705215e-08,1.87627775697,-2.421438694e-08,0.923789098953,262.875,-1.65873216723,-8.911799783660001e-09,1.8286475990799997e-10,1.0,1974.0,0.0,0.0,0.0,-1.76951289177e-08,9.0,144006.0,0.0
108,3,2017-11-06 18:00:00,-4.58410941064e-05,5.3432813729200004e-12,0.0,60.0,1.84375,5.1505716848399996e-09,-2.29334439155,1.17346644402e-07,0.0011047547450299998,5.4556876421e-06,5153.61133003,151200.0,5.02914190292e-08,1.92833620884,-6.14672899246e-08,0.959900634869,273.46875,0.565258215719,-8.2939169035e-09,1.50006248362e-10,1.0,1974.0,0.0,0.0,0.0,2.3283064365400003e-09,60.0,144006.0,0.0
109,8,2017-11-06 18:00:00,-7.96755775809e-05,-1.36424205266e-12,0.0,64.0,-156.90625,4.1898173798500005e-09,1.47406789666,-8.05780291557e-06,0.0028214325429899998,7.543712854389999e-06,5153.71996498,151200.0,8.381903171539999e-08,-0.17796649032200001,7.07805156708e-08,0.968320429153,237.0625,-0.635591694785,-8.04247785863e-09,-2.55724937684e-10,1.0,1974.0,0.0,0.0,0.0,5.58793544769e-09,64.0,144006.0,0.0
110,27,2017-11-06 18:00:00,0.000345091335475,3.75166564481e-12,0.0,11.0,-147.125,4.00480967354e-09,1.00027630927,-7.66478478909e-06,0.00502867787145,8.08387994766e-06,5153.68181229,151200.0,-5.58793544769e-09,-0.17110177503,7.82310962677e-08,0.976476097966,232.21875,0.374224383742,-7.996404510920001e-09,-3.1072722875099997e-10,1.0,1974.0,0.0,0.0,0.0,1.86264514923e-09,11.0,144006.0,0.0
111,28,2017-11-06 18:00:00,0.0006603240035469999,3.29691829393e-12,0.0,74.0,5.71875,4.08052711319e-09,1.86045001325,-1.22934579849e-07,0.0199943290791,4.805624485020001e-07,5153.66208076,151200.0,2.38418579102e-07,-1.12999891246,-2.7008354663800003e-07,0.987277325389,380.34375,-1.5555322512600003,-8.09819446516e-09,-7.857470152310001e-12,1.0,1974.0,0.0,0.0,0.0,-1.11758708954e-08,74.0,147816.0,0.0
112,30,2017-11-06 18:00:00,0.000129795167595,-2.6147972675999996e-12,0.0,50.0,140.8125,4.59840582777e-09,-1.8715775752700001,7.2270631790199995e-06,0.00303144974168,9.15676355362e-06,5153.61737251,151200.0,-2.421438694e-08,-2.2053290473700002,-1.8626451492299998e-08,0.946370447876,194.78125,-3.05631180905,-8.150696652089999e-09,1.4572035555200003e-10,1.0,1974.0,0.0,0.0,0.0,3.72529029846e-09,50.0,150426.0,0.0
113,17,2017-11-06 18:00:00,-0.00014631310477899998,2.38742359215e-12,0.0,90.0,-132.6875,3.92552065655e-09,0.9424150831200001,-6.98491930962e-06,0.0120945619419,8.26269388199e-06,5153.71438217,151200.0,-1.5646219253499998e-07,-0.11822565435599999,-8.381903171539999e-08,0.981660796672,232.75,-1.83460839778,-8.03783480808e-09,-2.45010205659e-10,1.0,1974.0,0.0,1.0,0.0,-1.11758708954e-08,90.0,151176.0,0.0
114,23,2017-11-06 20:00:00,-0.00021854834631099997,-2.27373675443e-13,0.0,95.0,-3.90625,5.07128266785e-09,0.629954967559,-2.23517417908e-08,0.0118623172166,1.017190516e-05,5153.65283966,158400.0,-2.421438694e-08,2.96360157015,1.0989606380499999e-07,0.944348836994,175.3125,-2.4159512090599997,-8.332847096529999e-09,-7.49674084078e-10,1.0,1974.0,0.0,0.0,0.0,-2.04890966415e-08,95.0,151206.0,0.0
115,17,2017-11-06 20:00:00,-0.00014629587531099999,2.38742359215e-12,0.0,91.0,-151.78125,3.72908390274e-09,1.9923686247099999,-7.93673098087e-06,0.012095478829,7.80820846558e-06,5153.71899986,158400.0,8.754432201389999e-08,-0.118283209942,-2.64495611191e-07,0.981660325613,239.46875,-1.83441293729,-7.78175271266e-09,-1.9500812287099998e-10,1.0,1974.0,0.0,1.0,0.0,-1.11758708954e-08,91.0,151206.0,0.0
116,11,2017-11-06 20:00:00,-0.0007251417264339999,-1.8189894035499996e-12,0.0,5.0,-69.84375,5.5516598203400005e-09,-0.828173829518,-3.6936253309199996e-06,0.0169594025938,1.2656673789e-05,5153.74773026,158400.0,-2.36555933952e-07,0.471891209992,8.94069671631e-08,0.903050513324,109.0,1.71542009944,-8.76965100545e-09,4.39661170795e-10,1.0,1974.0,0.0,0.0,0.0,-1.210719347e-08,5.0,151206.0,0.0
117,30,2017-11-06 20:00:00,0.000129777006805,-2.6147972675999996e-12,0.0,81.0,148.3125,4.62233539597e-09,-0.821335906109,7.566064596180001e-06,0.0030308660352600003,9.39518213272e-06,5153.61728859,158400.0,5.02914190292e-08,-2.2053874295,-7.264316082e-08,0.9463711690950001,190.1875,-3.0563384751200005,-8.17926927082e-09,7.4645966447e-11,1.0,1974.0,0.0,0.0,0.0,3.72529029846e-09,81.0,151206.0,0.0
118,7,2017-11-06 20:00:00,0.000283100642264,-5.11590769747e-12,0.0,66.0,144.78125,4.33910931275e-09,-0.842044993457,7.43381679058e-06,0.011083252844400001,9.5684081316e-06,5153.72246742,158400.0,2.25380063057e-07,-2.24192681483,1.210719347e-07,0.960715734787,195.375,-2.54889772967,-8.09319425688e-09,1.96436753808e-11,1.0,1974.0,0.0,0.0,0.0,-1.11758708954e-08,66.0,151206.0,0.0
119,9,2017-11-06 19:59:44,0.00046816514805,5.00222085975e-12,0.0,8.0,-2.8125,4.7366258709100004e-09,2.23478249054,-1.95577740669e-07,0.000977127114311,1.03786587715e-05,5153.74330902,158384.0,9.31322574615e-09,2.9633143481299995,-8.381903171539999e-08,0.953505946379,172.59375,1.77263431496,-8.01533387083e-09,-6.882429537960001e-10,1.0,1974.0,0.0,0.0,0.0,9.31322574615e-10,8.0,151206.0,0.0
120,1,2017-11-06 20:00:00,-8.73161479831e-06,-2.38742359215e-12,0.0,97.0,-21.1875,4.248748406000001e-09,-0.197791144212,-1.0244548320799999e-06,0.0071199524682,1.19060277939e-05,5153.67997932,158400.0,5.40167093277e-08,0.885281528512,1.0989606380499999e-07,0.9689595136929999,156.03125,0.632553529925,-7.88925719066e-09,6.57170230921e-10,1.0,1974.0,0.0,0.0,0.0,5.58793544769e-09,97.0,151206.0,0.0
121,8,2017-11-06 20:00:00,-7.9685356468e-05,-1.36424205266e-12,0.0,65.0,-149.84375,4.15088718683e-09,2.5238946354400005,-7.718801498410001e-06,0.0028213784098600004,7.722526788710001e-06,5153.72154427,158400.0,2.9802322387700004e-08,-0.178024253642,7.07805156708e-08,0.968318505415,233.1875,-0.635269285196,-8.026405760590001e-09,-2.6893977385e-10,1.0,1974.0,0.0,0.0,0.0,5.58793544769e-09,65.0,151206.0,0.0
122,28,2017-11-06 20:00:00,0.000660347286612,3.29691829393e-12,0.0,75.0,8.6875,4.13302930012e-09,2.9106011029000003,4.842877388e-07,0.0199945877539,8.94069671631e-08,5153.6625843,158400.0,2.06753611565e-07,-1.13005630128,-7.450580596919999e-08,0.987277319537,390.125,-1.55549963843,-7.99890461506e-09,-5.25021869268e-11,1.0,1974.0,0.0,0.0,0.0,-1.11758708954e-08,75.0,151206.0,0.0
123,3,2017-11-06 20:00:00,-4.58029098809e-05,5.3432813729200004e-12,0.0,61.0,4.15625,5.17950146131e-09,-1.24370925993,2.44006514549e-07,0.00110497127753,5.29736280441e-06,5153.61004257,158400.0,3.35276126862e-08,1.9282763520800001,-7.45058059692e-09,0.959901913459,277.90625,0.565847400124,-8.289273852959999e-09,1.8536486404799998e-10,1.0,1974.0,0.0,0.0,0.0,2.3283064365400003e-09,61.0,151236.0,0.0
124,19,2017-11-06 20:00:00,-0.00047708023339499995,2.1600499167099998e-12,0.0,53.0,-138.34375,3.883733201650001e-09,-1.30783299115,-6.921589374539999e-06,0.00986044236924,8.16956162453e-06,5153.69111633,158400.0,2.1234154701199998e-07,-0.0708636083937,1.80676579475e-07,0.9790380508069999,226.78125,1.0886960186399999,-7.87747098543e-09,-1.63221084528e-10,1.0,1974.0,0.0,0.0,0.0,-1.53668224812e-08,53.0,153486.0,0.0
125,13,2017-11-06 19:59:44,-9.36388969421e-05,-3.41060513165e-13,0.0,6.0,3.46875,4.39411160381e-09,0.464970486881,2.62632966042e-07,0.0035918536595999995,1.10473483801e-05,5153.66201019,158384.0,-5.5879354476900004e-08,3.0919107531,-1.8626451492299998e-08,0.969478703319,171.53125,1.69300329807,-7.90675791963e-09,-6.06096674931e-10,1.0,1974.0,0.0,0.0,0.0,-1.1641532182700001e-08,6.0,157176.0,0.0
126,17,2017-11-06 21:59:44,-0.00014627538621399998,2.38742359215e-12,0.0,22.0,-158.25,3.74444168531e-09,3.0402836514,-8.00937414169e-06,0.0120960240019,8.251518011089999e-06,5153.71687889,165584.0,1.24797224998e-07,-0.11833783383999999,-5.40167093277e-08,0.9816592254979999,228.0625,-1.8345128853200001,-7.6296035179e-09,-2.5786788409e-10,1.0,1974.0,0.0,0.0,0.0,-1.11758708954e-08,22.0,158406.0,0.0
127,30,2017-11-06 22:00:00,0.000129758380353,-2.6147972675999996e-12,0.0,82.0,149.8125,4.6487650683e-09,0.228875310947,7.603317499160001e-06,0.00303204008378,8.814036846160001e-06,5153.6193943,165600.0,2.6077032089200004e-08,-2.2054464465400003,-1.86264514923e-09,0.9463713651260001,199.78125,-3.05633369869,-8.238557454700001e-09,5.3930817863599993e-11,1.0,1974.0,0.0,0.0,0.0,3.72529029846e-09,82.0,158406.0,0.0
128,13,2017-11-06 21:59:44,-9.36416909099e-05,-3.41060513165e-13,0.0,33.0,9.34375,4.37375361297e-09,1.51544393639,4.93600964546e-07,0.00359127973206,1.1321157217e-05,5153.65978813,165584.0,2.421438694e-08,3.0918538909400004,-1.43423676491e-07,0.9694750255429999,165.46875,1.6927177437799998,-7.775323873450001e-09,-5.66452166435e-10,1.0,1974.0,0.0,0.0,0.0,-1.1641532182700001e-08,33.0,158406.0,0.0
129,11,2017-11-06 22:00:00,-0.0007251547649500001,-1.8189894035499996e-12,0.0,6.0,-70.96875,5.63809199202e-09,0.221939007759,-3.83146107197e-06,0.016956282896,1.14906579256e-05,5153.74166107,165600.0,-2.421438694e-07,0.47182916617299997,-2.01165676117e-07,0.9030531407250001,131.84375,1.71545122302,-8.76607942811e-09,2.2500937254400001e-10,1.0,1974.0,0.0,0.0,0.0,-1.210719347e-08,6.0,158406.0,0.0
130,7,2017-11-06 22:00:00,0.000283063389361,-5.11590769747e-12,0.0,67.0,138.96875,4.43625621645e-09,0.20816121603,7.279217243189999e-06,0.011083382996700001,9.14558768272e-06,5153.72306442,165600.0,4.842877388e-08,-2.2419857265400003,1.39698386192e-07,0.9607153456499999,201.71875,-2.5489546284099998,-8.21177062464e-09,1.28576784311e-11,1.0,1974.0,0.0,0.0,0.0,-1.11758708954e-08,67.0,158406.0,0.0
131,9,2017-11-06 22:00:00,0.000468201003969,5.00222085975e-12,0.0,9.0,-3.53125,4.84234456023e-09,-2.99559704122,-1.63912773132e-07,0.000978447613306,1.0060146451e-05,5153.74077225,165600.0,8.195638656619999e-08,2.9632556661000002,6.51925802231e-08,0.9535013762219999,182.625,1.7723034497,-8.04176354316e-09,-5.52165857067e-10,1.0,1974.0,0.0,0.0,0.0,9.31322574615e-10,9.0,158406.0,0.0
132,1,2017-11-06 22:00:00,-8.74837860465e-06,-2.38742359215e-12,0.0,98.0,-15.40625,4.14088677027e-09,0.8523979067090001,-8.735805749889999e-07,0.00712064409163,1.17085874081e-05,5153.68116379,165600.0,-1.39698386192e-07,0.885225781093,9.685754776e-08,0.9689641233480001,159.03125,0.632538012753,-7.79711049523e-09,5.239503960659999e-10,1.0,1974.0,0.0,1.0,0.0,5.58793544769e-09,98.0,158406.0,0.0
133,28,2017-11-06 22:00:00,0.000660370569676,3.29691829393e-12,0.0,95.0,2.0,4.11552857114e-09,-2.3223740536900004,3.12924385071e-07,0.0199944587657,5.58793544769e-09,5153.66305923,165600.0,2.32830643654e-07,-1.13011409532,5.7741999626199995e-08,0.9872772478540001,392.15625,-1.55552431347,-8.01497671309e-09,-3.5715773419599996e-12,1.0,1974.0,0.0,0.0,0.0,-1.11758708954e-08,95.0,158406.0,0.0
134,6,2017-11-06 22:00:00,0.000408586580306,1.8189894035499996e-12,0.0,31.0,-29.3125,4.0723124853e-09,1.10526537991,-1.38394534588e-06,0.00060031900648,1.20606273413e-05,5153.78299522,165600.0,-1.3038516044600002e-08,0.876877864363,0.0,0.968719691681,147.59375,-1.23343128173,-7.73496504948e-09,6.47884129832e-10,1.0,1974.0,0.0,0.0,0.0,4.656612873080001e-09,31.0,158676.0,0.0
135,2,2017-11-06 21:59:44,0.000287453643978,-9.54969436862e-12,0.0,4.0,-49.4375,4.5412605903e-09,1.27517261649,-2.49966979027e-06,0.017219792353000002,1.20736658573e-05,5153.62467575,165584.0,-3.89292836189e-07,0.8283658989589999,-5.40167093277e-08,0.948001589831,142.25,-1.94175497121,-8.19391273793e-09,5.407368095730001e-10,1.0,1974.0,0.0,0.0,0.0,-2.04890966415e-08,4.0,162576.0,0.0
136,6,2017-11-07 00:00:00,0.000408599618822,1.8189894035499996e-12,0.0,41.0,-21.8125,3.99445209925e-09,2.1543405138,-1.07474625111e-06,0.0005998917622490001,1.21742486954e-05,5153.78419876,172800.0,-1.3038516044600002e-08,0.876822549967,6.89178705215e-08,0.9687245280879999,146.78125,-1.23239577565,-7.67531970787e-09,6.20740142033e-10,1.0,1974.0,0.0,0.0,0.0,4.656612873080001e-09,41.0,165606.0,0.0
137,17,2017-11-07 00:00:00,-0.000146257691085,2.38742359215e-12,0.0,54.0,-141.21875,3.836231223e-09,-2.19055082448,-7.238239049910001e-06,0.0120974109741,7.87898898125e-06,5153.71330643,172800.0,1.63912773132e-07,-0.11839302535,-9.31322574615e-09,0.981657505107,237.1875,-1.8343808335499998,-7.64031824992e-09,-2.35724104569e-10,1.0,1974.0,0.0,0.0,0.0,-1.11758708954e-08,54.0,165606.0,0.0
138,13,2017-11-07 00:00:00,-9.36444848776e-05,-3.41060513165e-13,0.0,38.0,12.65625,4.28553565262e-09,2.5678596144599997,5.12227416039e-07,0.00359105237294,1.13099813461e-05,5153.66060257,172800.0,8.195638656619999e-08,3.09179830736,-6.14672899246e-08,0.9694711166259999,166.25,1.69282351129,-7.70746390395e-09,-5.83595737676e-10,1.0,1974.0,0.0,0.0,0.0,-1.1641532182700001e-08,38.0,165606.0,0.0
139,30,2017-11-07 00:00:00,0.00012973975390200002,-2.6147972675999996e-12,0.0,141.0,132.5,4.78841374237e-09,1.27975374153,6.9793313741699994e-06,0.0030304539250199996,8.4862112999e-06,5153.61460686,172800.0,3.1664967536900005e-08,-2.20550575324,1.11758708954e-08,0.946371758651,207.34375,-3.0569956267,-8.2364145083e-09,5.71452374714e-11,1.0,1974.0,0.0,1.0,0.0,3.72529029846e-09,141.0,165606.0,0.0
140,2,2017-11-06 23:59:44,0.00028738426044599996,-9.54969436862e-12,0.0,5.0,-45.4375,4.39625455022e-09,2.3255281226199997,-2.34879553318e-06,0.0172204598784,1.25747174025e-05,5153.61989594,172784.0,1.35973095894e-07,0.828308483813,-2.44006514549e-07,0.948008240257,124.03125,-1.9418983679099997,-7.63960393445e-09,5.99310677981e-10,1.0,1974.0,0.0,0.0,0.0,-2.04890966415e-08,5.0,165606.0,0.0
141,7,2017-11-07 00:00:00,0.00028302660211900003,-5.11590769747e-12,0.0,69.0,128.53125,4.5005446086000004e-09,1.25834297869,6.86198472977e-06,0.0110822326969,9.17166471481e-06,5153.72100449,172800.0,-6.51925802231e-08,-2.2420444319799997,1.52736902237e-07,0.960715243246,204.96875,-2.54898485522,-8.17141180067e-09,-2.57153568621e-11,1.0,1974.0,0.0,0.0,0.0,-1.11758708954e-08,69.0,165606.0,0.0
142,28,2017-11-07 00:00:00,0.000660393852741,3.29691829393e-12,0.0,97.0,4.6875,4.37875382124e-09,-1.2723146451,6.14672899246e-07,0.0199946317589,1.1902302503600001e-06,5153.65836716,172800.0,-1.75088644028e-07,-1.1301726705600001,3.61353158951e-07,0.9872748311139999,373.09375,-1.55539791003,-8.47678166341e-09,-8.286059433350001e-11,1.0,1974.0,0.0,0.0,0.0,-1.11758708954e-08,97.0,165606.0,0.0
143,19,2017-11-07 00:00:00,-0.00047704949975,2.1600499167099998e-12,0.0,59.0,-139.46875,3.92587781428e-09,0.792465851258,-7.13765621185e-06,0.009859597776089999,8.86805355549e-06,5153.68884277,172800.0,-1.65775418282e-07,-0.07097757848960001,-3.72529029846e-09,0.9790344052159999,224.4375,1.08872964674,-7.964260314839999e-09,-3.7358698996900004e-10,1.0,1974.0,0.0,0.0,0.0,-1.53668224812e-08,59.0,165636.0,0.0
144,24,2017-11-06 23:59:44,-4.19123098254e-05,-4.54747350886e-13,0.0,8.0,145.09375,4.76662712058e-09,2.20084915626,7.4822455644600005e-06,0.00620917486958,1.07027590275e-05,5153.67870903,172784.0,-1.9371509552e-07,-2.29832296363,-2.421438694e-08,0.9438118758390001,161.75,0.474519299896,-8.13498171178e-09,7.67889128522e-11,1.0,1974.0,0.0,0.0,0.0,2.79396772385e-09,8.0,167226.0,0.0
145,5,2017-11-07 00:00:00,-2.35540792346e-05,1.25055521494e-12,0.0,15.0,6.5,5.29629204039e-09,-1.43958189972,2.96160578728e-07,0.00527503527701,5.08315861225e-06,5153.57348824,172800.0,9.685754776e-08,1.9090960375400001,-6.70552253723e-08,0.946823098137,267.875,0.619518621163,-8.37106297409e-09,2.6893977385e-10,1.0,1974.0,0.0,0.0,0.0,-1.07102096081e-08,15.0,167976.0,0.0
146,12,2017-11-07 00:00:00,0.00036593154072800003,-1.5916157280999999e-12,0.0,10.0,22.71875,4.32660879205e-09,0.6613178670009999,1.13062560558e-06,0.0065613448387,9.16421413422e-07,5153.69353867,172800.0,-8.94069671631e-08,-1.15348198215,4.0978193283099994e-08,0.987980801732,375.09375,0.91096377076,-8.45499504162e-09,-6.32169189527e-11,1.0,1974.0,0.0,0.0,0.0,-1.25728547573e-08,10.0,171396.0,0.0
